,Dimension,Birth,Death
0,0,0.0,0.36913955211639404
1,0,0.0,0.3715306222438812
2,0,0.0,0.3741122782230377
3,0,0.0,0.3788706958293915
4,0,0.0,0.38383200764656067
5,0,0.0,0.3839270770549774
6,0,0.0,0.3844021260738373
7,0,0.0,0.3848506212234497
8,0,0.0,0.38981789350509644
9,0,0.0,0.39023837447166443
10,0,0.0,0.39123010635375977
11,0,0.0,0.3916682302951813
12,0,0.0,0.3923327624797821
13,0,0.0,0.3923913836479187
14,0,0.0,0.39363181591033936
15,0,0.0,0.3940329849720001
16,0,0.0,0.39613887667655945
17,0,0.0,0.39878690242767334
18,0,0.0,0.3989461064338684
19,0,0.0,0.4004097878932953
20,0,0.0,0.40099626779556274
21,0,0.0,0.40367934107780457
22,0,0.0,0.4050246775150299
23,0,0.0,0.4050493836402893
24,0,0.0,0.4053245484828949
25,0,0.0,0.4059026837348938
26,0,0.0,0.406423419713974
27,0,0.0,0.4081813395023346
28,0,0.0,0.4082707464694977
29,0,0.0,0.40878355503082275
30,0,0.0,0.4096498489379883
31,0,0.0,0.4096730351448059
32,0,0.0,0.40978774428367615
33,0,0.0,0.4103717803955078
34,0,0.0,0.4123263359069824
35,0,0.0,0.4129951596260071
36,0,0.0,0.4204057455062866
37,0,0.0,0.42060431838035583
38,0,0.0,0.42318791151046753
39,0,0.0,0.4245833158493042
40,0,0.0,0.42537161707878113
41,0,0.0,0.42592838406562805
42,0,0.0,0.42958003282546997
43,0,0.0,0.4306936264038086
44,0,0.0,0.4319791793823242
45,0,0.0,0.4321562349796295
46,0,0.0,0.4331651031970978
47,0,0.0,0.4349103271961212
48,0,0.0,0.4356822371482849
49,0,0.0,0.43595871329307556
50,0,0.0,0.4373396933078766
51,0,0.0,0.4379223585128784
52,0,0.0,0.43834346532821655
53,0,0.0,0.4388120472431183
54,0,0.0,0.4391833245754242
55,0,0.0,0.4419196844100952
56,0,0.0,0.4438490867614746
57,0,0.0,0.44400113821029663
58,0,0.0,0.44613564014434814
59,0,0.0,0.44683441519737244
60,0,0.0,0.4468456208705902
61,0,0.0,0.4524356424808502
62,0,0.0,0.45714330673217773
63,0,0.0,0.45920583605766296
64,0,0.0,0.46301835775375366
65,0,0.0,0.4632137715816498
66,0,0.0,0.46425530314445496
67,0,0.0,0.4660729467868805
68,0,0.0,0.4675200581550598
69,0,0.0,0.4676975607872009
70,0,0.0,0.46811002492904663
71,0,0.0,0.4685264229774475
72,0,0.0,0.4685264229774475
73,0,0.0,0.4690799415111542
74,0,0.0,0.4699138104915619
75,0,0.0,0.4705486297607422
76,0,0.0,0.4720868468284607
77,0,0.0,0.472432017326355
78,0,0.0,0.47408226132392883
79,0,0.0,0.4784547984600067
80,0,0.0,0.4832473397254944
81,0,0.0,0.4847618043422699
82,0,0.0,0.4854193925857544
83,0,0.0,0.48666518926620483
84,0,0.0,0.48771509528160095
85,0,0.0,0.48799076676368713
86,0,0.0,0.48951607942581177
87,0,0.0,0.4898754954338074
88,0,0.0,0.49042633175849915
89,0,0.0,0.49111708998680115
90,0,0.0,0.4946766495704651
91,0,0.0,0.49600303173065186
92,0,0.0,0.49633052945137024
93,0,0.0,0.4969104528427124
94,0,0.0,0.4970684051513672
95,0,0.0,0.4971317648887634
96,0,0.0,0.49720922112464905
97,0,0.0,0.4993666112422943
98,0,0.0,0.5001199841499329
99,0,0.0,0.5003918409347534
100,0,0.0,0.5004847645759583
101,0,0.0,0.5005786418914795
102,0,0.0,0.5029731392860413
103,0,0.0,0.5049663186073303
104,0,0.0,0.5057628154754639
105,0,0.0,0.505845844745636
106,0,0.0,0.5061877369880676
107,0,0.0,0.5065086483955383
108,0,0.0,0.5089508891105652
109,0,0.0,0.5109520554542542
110,0,0.0,0.5132124423980713
111,0,0.0,0.5155569911003113
112,0,0.0,0.5156054496765137
113,0,0.0,0.5162169933319092
114,0,0.0,0.5163564682006836
115,0,0.0,0.5168790817260742
116,0,0.0,0.5170406103134155
117,0,0.0,0.5170667171478271
118,0,0.0,0.5171518325805664
119,0,0.0,0.5173171162605286
120,0,0.0,0.5173354744911194
121,0,0.0,0.5174301862716675
122,0,0.0,0.5177180767059326
123,0,0.0,0.5185933113098145
124,0,0.0,0.5188727974891663
125,0,0.0,0.520047128200531
126,0,0.0,0.5216406583786011
127,0,0.0,0.5216790437698364
128,0,0.0,0.5219875574111938
129,0,0.0,0.522497832775116
130,0,0.0,0.5248494744300842
131,0,0.0,0.52667635679245
132,0,0.0,0.5275547504425049
133,0,0.0,0.5281164646148682
134,0,0.0,0.5284117460250854
135,0,0.0,0.528504490852356
136,0,0.0,0.5288203954696655
137,0,0.0,0.5290926098823547
138,0,0.0,0.5293222069740295
139,0,0.0,0.5293835997581482
140,0,0.0,0.52981036901474
141,0,0.0,0.5299726128578186
142,0,0.0,0.5314037799835205
143,0,0.0,0.5320216417312622
144,0,0.0,0.5337724089622498
145,0,0.0,0.5338557958602905
146,0,0.0,0.533934473991394
147,0,0.0,0.5342967510223389
148,0,0.0,0.5344220995903015
149,0,0.0,0.5346671938896179
150,0,0.0,0.5357742309570312
151,0,0.0,0.5357788801193237
152,0,0.0,0.5359281897544861
153,0,0.0,0.5367606282234192
154,0,0.0,0.5369879007339478
155,0,0.0,0.537084698677063
156,0,0.0,0.5371257066726685
157,0,0.0,0.5371405482292175
158,0,0.0,0.5390046238899231
159,0,0.0,0.5398157238960266
160,0,0.0,0.5406190752983093
161,0,0.0,0.5407624244689941
162,0,0.0,0.5417831540107727
163,0,0.0,0.5417914986610413
164,0,0.0,0.5418606996536255
165,0,0.0,0.5419289469718933
166,0,0.0,0.5425826907157898
167,0,0.0,0.5427393317222595
168,0,0.0,0.5432485342025757
169,0,0.0,0.5434565544128418
170,0,0.0,0.543499767780304
171,0,0.0,0.5436837077140808
172,0,0.0,0.5455226898193359
173,0,0.0,0.5462847352027893
174,0,0.0,0.5483657717704773
175,0,0.0,0.548590898513794
176,0,0.0,0.5490309596061707
177,0,0.0,0.5496162176132202
178,0,0.0,0.5507304072380066
179,0,0.0,0.5511469841003418
180,0,0.0,0.5513837337493896
181,0,0.0,0.5518079400062561
182,0,0.0,0.5518731474876404
183,0,0.0,0.5520833134651184
184,0,0.0,0.5533181428909302
185,0,0.0,0.553846538066864
186,0,0.0,0.5544014573097229
187,0,0.0,0.5557130575180054
188,0,0.0,0.5557472705841064
189,0,0.0,0.5569658875465393
190,0,0.0,0.5573921203613281
191,0,0.0,0.5578001141548157
192,0,0.0,0.5588577389717102
193,0,0.0,0.5595346093177795
194,0,0.0,0.559701681137085
195,0,0.0,0.5597910284996033
196,0,0.0,0.5614427924156189
197,0,0.0,0.5617347955703735
198,0,0.0,0.5618878602981567
199,0,0.0,0.5644829273223877
200,0,0.0,0.5684865713119507
201,0,0.0,0.5690316557884216
202,0,0.0,0.5703411102294922
203,0,0.0,0.5714595317840576
204,0,0.0,0.5715522766113281
205,0,0.0,0.572501540184021
206,0,0.0,0.5736497044563293
207,0,0.0,0.5740191340446472
208,0,0.0,0.5741933584213257
209,0,0.0,0.5744937062263489
210,0,0.0,0.5754424333572388
211,0,0.0,0.5770000219345093
212,0,0.0,0.5791528224945068
213,0,0.0,0.5840051174163818
214,0,0.0,0.5842610597610474
215,0,0.0,0.5845459699630737
216,0,0.0,0.5852068066596985
217,0,0.0,0.5857388377189636
218,0,0.0,0.586149275302887
219,0,0.0,0.5865961313247681
220,0,0.0,0.5866404175758362
221,0,0.0,0.5870178937911987
222,0,0.0,0.5872435569763184
223,0,0.0,0.5886586308479309
224,0,0.0,0.5916299223899841
225,0,0.0,0.5918504595756531
226,0,0.0,0.5919535160064697
227,0,0.0,0.5933919548988342
228,0,0.0,0.5934011936187744
229,0,0.0,0.5954107642173767
230,0,0.0,0.595424234867096
231,0,0.0,0.596256673336029
232,0,0.0,0.5970594882965088
233,0,0.0,0.5978679060935974
234,0,0.0,0.5980058312416077
235,0,0.0,0.5986701846122742
236,0,0.0,0.5988338589668274
237,0,0.0,0.5988798141479492
238,0,0.0,0.5990108251571655
239,0,0.0,0.5996716022491455
240,0,0.0,0.5998808145523071
241,0,0.0,0.6003307700157166
242,0,0.0,0.6007978320121765
243,0,0.0,0.6015130877494812
244,0,0.0,0.6035047769546509
245,0,0.0,0.6038153767585754
246,0,0.0,0.6046279668807983
247,0,0.0,0.6047983169555664
248,0,0.0,0.6052899956703186
249,0,0.0,0.6061064004898071
250,0,0.0,0.6072618961334229
251,0,0.0,0.607649564743042
252,0,0.0,0.610072135925293
253,0,0.0,0.6110466718673706
254,0,0.0,0.6116175055503845
255,0,0.0,0.6123217940330505
256,0,0.0,0.6131631135940552
257,0,0.0,0.6166068315505981
258,0,0.0,0.6173985600471497
259,0,0.0,0.6194102168083191
260,0,0.0,0.6199467778205872
261,0,0.0,0.6205860376358032
262,0,0.0,0.6215206980705261
263,0,0.0,0.6216920614242554
264,0,0.0,0.6217588186264038
265,0,0.0,0.6223776936531067
266,0,0.0,0.6226788759231567
267,0,0.0,0.6227792501449585
268,0,0.0,0.6239311099052429
269,0,0.0,0.6242892146110535
270,0,0.0,0.6248199939727783
271,0,0.0,0.6253198981285095
272,0,0.0,0.6255765557289124
273,0,0.0,0.6259912252426147
274,0,0.0,0.6259912252426147
275,0,0.0,0.6286994218826294
276,0,0.0,0.6313525438308716
277,0,0.0,0.6319042444229126
278,0,0.0,0.6320617198944092
279,0,0.0,0.6332013607025146
280,0,0.0,0.6369906067848206
281,0,0.0,0.6372307538986206
282,0,0.0,0.6393371820449829
283,0,0.0,0.640150785446167
284,0,0.0,0.6438050866127014
285,0,0.0,0.6457902193069458
286,0,0.0,0.6464696526527405
287,0,0.0,0.6485483646392822
288,0,0.0,0.6485984921455383
289,0,0.0,0.6506105065345764
290,0,0.0,0.6507495641708374
291,0,0.0,0.6527633666992188
292,0,0.0,0.6532572507858276
293,0,0.0,0.6542491912841797
294,0,0.0,0.6546708941459656
295,0,0.0,0.6556203365325928
296,0,0.0,0.6562591195106506
297,0,0.0,0.6583289504051208
298,0,0.0,0.659091055393219
299,0,0.0,0.6591828465461731
300,0,0.0,0.6592745780944824
301,0,0.0,0.6593443751335144
302,0,0.0,0.6597529649734497
303,0,0.0,0.6601318120956421
304,0,0.0,0.6601802706718445
305,0,0.0,0.6606231927871704
306,0,0.0,0.6610295176506042
307,0,0.0,0.6621887683868408
308,0,0.0,0.6624605655670166
309,0,0.0,0.664384663105011
310,0,0.0,0.6658505797386169
311,0,0.0,0.6662687063217163
312,0,0.0,0.668339729309082
313,0,0.0,0.6687226891517639
314,0,0.0,0.6687286496162415
315,0,0.0,0.6697447299957275
316,0,0.0,0.6709016561508179
317,0,0.0,0.6725161671638489
318,0,0.0,0.6727755665779114
319,0,0.0,0.6734396815299988
320,0,0.0,0.6734433770179749
321,0,0.0,0.6739473342895508
322,0,0.0,0.6741891503334045
323,0,0.0,0.6746184229850769
324,0,0.0,0.6770716309547424
325,0,0.0,0.6777145266532898
326,0,0.0,0.6786251068115234
327,0,0.0,0.6812760233879089
328,0,0.0,0.6813442707061768
329,0,0.0,0.6814594864845276
330,0,0.0,0.6842601895332336
331,0,0.0,0.686090350151062
332,0,0.0,0.6884090304374695
333,0,0.0,0.6885782480239868
334,0,0.0,0.6888911128044128
335,0,0.0,0.6892263889312744
336,0,0.0,0.6892423629760742
337,0,0.0,0.6915873289108276
338,0,0.0,0.6917159557342529
339,0,0.0,0.6919465065002441
340,0,0.0,0.6931746006011963
341,0,0.0,0.6942132115364075
342,0,0.0,0.6964660882949829
343,0,0.0,0.6980888247489929
344,0,0.0,0.6981232166290283
345,0,0.0,0.6995391249656677
346,0,0.0,0.7007788419723511
347,0,0.0,0.7011141180992126
348,0,0.0,0.7013280391693115
349,0,0.0,0.7049077749252319
350,0,0.0,0.705723762512207
351,0,0.0,0.7062619924545288
352,0,0.0,0.7084857225418091
353,0,0.0,0.7108860611915588
354,0,0.0,0.711133599281311
355,0,0.0,0.7124984264373779
356,0,0.0,0.7125033140182495
357,0,0.0,0.7129951119422913
358,0,0.0,0.7174147963523865
359,0,0.0,0.7176663279533386
360,0,0.0,0.7200284600257874
361,0,0.0,0.7227205634117126
362,0,0.0,0.7250882983207703
363,0,0.0,0.725375771522522
364,0,0.0,0.726722776889801
365,0,0.0,0.7285711765289307
366,0,0.0,0.7307489514350891
367,0,0.0,0.7326677441596985
368,0,0.0,0.7339809536933899
369,0,0.0,0.7342976331710815
370,0,0.0,0.7366471290588379
371,0,0.0,0.7367727160453796
372,0,0.0,0.7368643283843994
373,0,0.0,0.7368860244750977
374,0,0.0,0.7398188710212708
375,0,0.0,0.7402790188789368
376,0,0.0,0.7404309511184692
377,0,0.0,0.7416676878929138
378,0,0.0,0.7467248439788818
379,0,0.0,0.7478148341178894
380,0,0.0,0.7563603520393372
381,0,0.0,0.7573598623275757
382,0,0.0,0.7575328350067139
383,0,0.0,0.7579234838485718
384,0,0.0,0.7580151557922363
385,0,0.0,0.7583429217338562
386,0,0.0,0.7584088444709778
387,0,0.0,0.7584332823753357
388,0,0.0,0.7588425278663635
389,0,0.0,0.7600868344306946
390,0,0.0,0.7614682912826538
391,0,0.0,0.7627791166305542
392,0,0.0,0.76368647813797
393,0,0.0,0.7638697624206543
394,0,0.0,0.7650790810585022
395,0,0.0,0.7652555108070374
396,0,0.0,0.7658100128173828
397,0,0.0,0.767572820186615
398,0,0.0,0.7682453989982605
399,0,0.0,0.7689655423164368
400,0,0.0,0.7706672549247742
401,0,0.0,0.7707048654556274
402,0,0.0,0.770817756652832
403,0,0.0,0.7710752487182617
404,0,0.0,0.7711439728736877
405,0,0.0,0.7734448909759521
406,0,0.0,0.7735017538070679
407,0,0.0,0.7739030718803406
408,0,0.0,0.7760083675384521
409,0,0.0,0.7770720720291138
410,0,0.0,0.7785929441452026
411,0,0.0,0.7786436676979065
412,0,0.0,0.7787676453590393
413,0,0.0,0.7799326777458191
414,0,0.0,0.7815414071083069
415,0,0.0,0.782029390335083
416,0,0.0,0.7822359204292297
417,0,0.0,0.7830223441123962
418,0,0.0,0.7836382985115051
419,0,0.0,0.7848324775695801
420,0,0.0,0.7855991125106812
421,0,0.0,0.7876940965652466
422,0,0.0,0.79075026512146
423,0,0.0,0.7920397520065308
424,0,0.0,0.794188916683197
425,0,0.0,0.7945659160614014
426,0,0.0,0.7947125434875488
427,0,0.0,0.7947452664375305
428,0,0.0,0.7965695261955261
429,0,0.0,0.8005373477935791
430,0,0.0,0.801674485206604
431,0,0.0,0.8018702864646912
432,0,0.0,0.8029477000236511
433,0,0.0,0.8113032579421997
434,0,0.0,0.8139858841896057
435,0,0.0,0.8141136169433594
436,0,0.0,0.8143801093101501
437,0,0.0,0.8149349689483643
438,0,0.0,0.8153416514396667
439,0,0.0,0.8162438273429871
440,0,0.0,0.8178759217262268
441,0,0.0,0.8180171251296997
442,0,0.0,0.8181026577949524
443,0,0.0,0.8194461464881897
444,0,0.0,0.8195486664772034
445,0,0.0,0.8197408318519592
446,0,0.0,0.8204224705696106
447,0,0.0,0.820460855960846
448,0,0.0,0.820477306842804
449,0,0.0,0.82508784532547
450,0,0.0,0.8295854330062866
451,0,0.0,0.832541286945343
452,0,0.0,0.8326662182807922
453,0,0.0,0.8332808613777161
454,0,0.0,0.8338375091552734
455,0,0.0,0.8341313004493713
456,0,0.0,0.8342211842536926
457,0,0.0,0.8376240134239197
458,0,0.0,0.8378651738166809
459,0,0.0,0.8379080891609192
460,0,0.0,0.8380083441734314
461,0,0.0,0.8380268216133118
462,0,0.0,0.8382857441902161
463,0,0.0,0.8383662700653076
464,0,0.0,0.838570237159729
465,0,0.0,0.8385761976242065
466,0,0.0,0.8385791778564453
467,0,0.0,0.8387526273727417
468,0,0.0,0.8402963876724243
469,0,0.0,0.8413227796554565
470,0,0.0,0.8420611619949341
471,0,0.0,0.8420611619949341
472,0,0.0,0.8421579599380493
473,0,0.0,0.8433101177215576
474,0,0.0,0.8440296053886414
475,0,0.0,0.8440835475921631
476,0,0.0,0.8443820476531982
477,0,0.0,0.8455654978752136
478,0,0.0,0.8468228578567505
479,0,0.0,0.8468524217605591
480,0,0.0,0.8475317358970642
481,0,0.0,0.8490005731582642
482,0,0.0,0.8495998978614807
483,0,0.0,0.8501764535903931
484,0,0.0,0.8517951369285583
485,0,0.0,0.8518292307853699
486,0,0.0,0.8518643975257874
487,0,0.0,0.854886531829834
488,0,0.0,0.8562277555465698
489,0,0.0,0.8564023375511169
490,0,0.0,0.8578857779502869
491,0,0.0,0.8591070771217346
492,0,0.0,0.8594050407409668
493,0,0.0,0.8619750738143921
494,0,0.0,0.8623160719871521
495,0,0.0,0.8640445470809937
496,0,0.0,0.8644842505455017
497,0,0.0,0.8645397424697876
498,0,0.0,0.8646120429039001
499,0,0.0,0.8668598532676697
500,0,0.0,0.867114782333374
501,0,0.0,0.8676393032073975
502,0,0.0,0.8685061931610107
503,0,0.0,0.8705027103424072
504,0,0.0,0.8720825910568237
505,0,0.0,0.8742082118988037
506,0,0.0,0.881811797618866
507,0,0.0,0.889205813407898
508,0,0.0,0.8923597931861877
509,0,0.0,0.898472011089325
510,0,0.0,0.9008995294570923
511,0,0.0,0.9027236700057983
512,0,0.0,0.9032856822013855
513,0,0.0,0.904981791973114
514,0,0.0,0.9136388897895813
515,0,0.0,0.9162859916687012
516,0,0.0,0.9177499413490295
517,0,0.0,0.9187154173851013
518,0,0.0,0.9192975759506226
519,0,0.0,0.9261776208877563
520,0,0.0,0.9296085238456726
521,0,0.0,0.9356158375740051
522,0,0.0,0.9381759166717529
523,0,0.0,0.9486237168312073
524,0,0.0,0.9504340887069702
525,0,0.0,0.9527087807655334
526,0,0.0,0.9528278708457947
527,0,0.0,0.9536445736885071
528,0,0.0,0.9539737701416016
529,0,0.0,0.957899808883667
530,0,0.0,0.9613339900970459
531,0,0.0,0.9628385305404663
532,0,0.0,0.9653263688087463
533,0,0.0,0.9660393595695496
534,0,0.0,0.9670118689537048
535,0,0.0,0.9712172746658325
536,0,0.0,0.9851903319358826
537,0,0.0,0.9909576177597046
538,0,0.0,0.9917443990707397
539,0,0.0,0.9931968450546265
540,0,0.0,0.9968505501747131
541,0,0.0,0.9974482655525208
542,0,0.0,1.0090575218200684
543,0,0.0,1.0231105089187622
544,0,0.0,1.0500619411468506
545,0,0.0,1.0527606010437012
546,0,0.0,1.0543367862701416
547,0,0.0,1.0562021732330322
548,0,0.0,1.0562400817871094
549,0,0.0,inf
550,1,1.429429292678833,1.458680272102356
551,1,1.4290931224822998,1.4410982131958008
552,1,1.4283108711242676,1.4548755884170532
553,1,1.4257475137710571,1.4564586877822876
554,1,1.3406472206115723,1.343906283378601
555,1,1.3401212692260742,1.343762993812561
556,1,1.3066540956497192,1.3326263427734375
557,1,1.3028929233551025,1.334553837776184
558,1,1.3027535676956177,1.336844801902771
559,1,1.2967755794525146,1.2977426052093506
560,1,1.2784537076950073,1.2937735319137573
561,1,1.2692241668701172,1.2712407112121582
562,1,1.2641514539718628,1.2813290357589722
563,1,1.257460117340088,1.2696117162704468
564,1,1.2571805715560913,1.2685669660568237
565,1,1.256919264793396,1.2684834003448486
566,1,1.2563414573669434,1.2723572254180908
567,1,1.2534292936325073,1.2600857019424438
568,1,1.2479499578475952,1.2928905487060547
569,1,1.2472357749938965,1.261335015296936
570,1,1.246616244316101,1.273016095161438
571,1,1.2449862957000732,1.2894487380981445
572,1,1.2402640581130981,1.2416976690292358
573,1,1.2370375394821167,1.2643191814422607
574,1,1.233839511871338,1.2446630001068115
575,1,1.2320868968963623,1.2533087730407715
576,1,1.2264069318771362,1.2377067804336548
577,1,1.2229297161102295,1.2374788522720337
578,1,1.2031883001327515,1.2621402740478516
579,1,1.2002729177474976,1.263062596321106
580,1,1.1994866132736206,1.2620741128921509
581,1,1.1789439916610718,1.290493369102478
582,1,1.1768656969070435,1.221040964126587
583,1,1.169866681098938,1.2913923263549805
584,1,1.1609492301940918,1.1718288660049438
585,1,1.1591496467590332,1.1677196025848389
586,1,1.149570345878601,1.1548986434936523
587,1,1.144164800643921,1.2843730449676514
588,1,1.1428700685501099,1.1526730060577393
589,1,1.1386847496032715,1.1679036617279053
590,1,1.1350735425949097,1.1955379247665405
591,1,1.1342869997024536,1.141474962234497
592,1,1.1339136362075806,1.1390877962112427
593,1,1.1326663494110107,1.1993377208709717
594,1,1.1310052871704102,1.2038629055023193
595,1,1.13068425655365,1.1422109603881836
596,1,1.1293294429779053,1.1378334760665894
597,1,1.1269587278366089,1.1450834274291992
598,1,1.1267852783203125,1.1379002332687378
599,1,1.124793291091919,1.196752667427063
600,1,1.1240729093551636,1.1327409744262695
601,1,1.1194391250610352,1.2964378595352173
602,1,1.1116082668304443,1.1384963989257812
603,1,1.111011266708374,1.1371917724609375
604,1,1.1086604595184326,1.2071059942245483
605,1,1.1080347299575806,1.1379038095474243
606,1,1.1065319776535034,1.1389367580413818
607,1,1.1036598682403564,1.1178979873657227
608,1,1.0979148149490356,1.139150619506836
609,1,1.0914719104766846,1.181730031967163
610,1,1.0910426378250122,1.099077820777893
611,1,1.0902137756347656,1.1660677194595337
612,1,1.077635407447815,1.15455961227417
613,1,1.0771679878234863,1.2978535890579224
614,1,1.0764585733413696,1.0846773386001587
615,1,1.0699023008346558,1.1705315113067627
616,1,1.0596805810928345,1.0672441720962524
617,1,1.0515702962875366,1.0738528966903687
618,1,1.0501214265823364,1.2837858200073242
619,1,1.04664945602417,1.2229423522949219
620,1,1.0452244281768799,1.0526552200317383
621,1,1.0357571840286255,1.0429511070251465
622,1,1.0350757837295532,1.1009278297424316
623,1,1.0347130298614502,1.2111948728561401
624,1,1.0346970558166504,1.1060172319412231
625,1,1.0344737768173218,1.049448847770691
626,1,1.0343201160430908,1.1053556203842163
627,1,1.0342968702316284,1.1055346727371216
628,1,1.0342402458190918,1.1054600477218628
629,1,1.0336977243423462,1.1237481832504272
630,1,1.0317858457565308,1.0392136573791504
631,1,1.0316942930221558,1.0416688919067383
632,1,1.031126618385315,1.0963302850723267
633,1,1.0298640727996826,1.2140613794326782
634,1,1.025475025177002,1.209019422531128
635,1,1.0246413946151733,1.1037676334381104
636,1,1.0241440534591675,1.214828372001648
637,1,1.022433876991272,1.2141454219818115
638,1,1.0184787511825562,1.0728014707565308
639,1,1.0173367261886597,1.0675818920135498
640,1,1.0166606903076172,1.2181991338729858
641,1,1.0136473178863525,1.0257757902145386
642,1,1.0134179592132568,1.1220169067382812
643,1,1.0094691514968872,1.0493135452270508
644,1,1.0081249475479126,1.0493135452270508
645,1,1.004643201828003,1.088263750076294
646,1,1.0010799169540405,1.0352057218551636
647,1,1.0010215044021606,1.024236798286438
648,1,0.9862144589424133,1.2086260318756104
649,1,0.9852370023727417,1.2408863306045532
650,1,0.9711786508560181,0.999479353427887
651,1,0.960593581199646,0.9889636039733887
652,1,0.9598291516304016,1.1049388647079468
653,1,0.9565563201904297,1.013458490371704
654,1,0.9529653787612915,1.0257757902145386
655,1,0.947663426399231,0.9664150476455688
656,1,0.947536826133728,1.089490294456482
657,1,0.9462562799453735,0.9738223552703857
658,1,0.946231484413147,0.9550591707229614
659,1,0.9458757638931274,0.9499489665031433
660,1,0.9441106915473938,0.9800255298614502
661,1,0.9433785080909729,1.0895434617996216
662,1,0.9433196783065796,0.9458001852035522
663,1,0.9429061412811279,0.984966516494751
664,1,0.9422276616096497,0.958224892616272
665,1,0.9412634968757629,0.9599677324295044
666,1,0.9407406449317932,0.9440709948539734
667,1,0.940010666847229,0.9805788993835449
668,1,0.9393535256385803,0.9826042056083679
669,1,0.9389142394065857,0.9859158396720886
670,1,0.9380346536636353,0.9895079731941223
671,1,0.937311053276062,0.9868236780166626
672,1,0.937304675579071,0.9405503869056702
673,1,0.9370570778846741,0.9630306363105774
674,1,0.9361661076545715,0.9774292707443237
675,1,0.9351999759674072,0.971368134021759
676,1,0.9348940849304199,0.9769734144210815
677,1,0.9325400590896606,1.0503066778182983
678,1,0.9267675280570984,0.9345908164978027
679,1,0.9262823462486267,0.9363925457000732
680,1,0.923768937587738,1.024236798286438
681,1,0.9232973456382751,0.9477868676185608
682,1,0.9219967722892761,1.0011318922042847
683,1,0.9200950860977173,0.9678812026977539
684,1,0.9187763333320618,1.1546406745910645
685,1,0.9163410663604736,1.0643359422683716
686,1,0.911712646484375,0.9245685338973999
687,1,0.9106212258338928,0.9520887732505798
688,1,0.9092386960983276,0.9664150476455688
689,1,0.9068053960800171,0.9382968544960022
690,1,0.906342625617981,0.9481276273727417
691,1,0.9056069850921631,0.9532502293586731
692,1,0.9047795534133911,1.1627308130264282
693,1,0.9046568274497986,0.9486479759216309
694,1,0.9046292304992676,0.9514541625976562
695,1,0.9041730761528015,0.9309161901473999
696,1,0.9040365219116211,1.1636004447937012
697,1,0.9038694500923157,1.0048706531524658
698,1,0.9036769270896912,1.0071191787719727
699,1,0.9031522870063782,0.9252080917358398
700,1,0.9027817845344543,1.0148699283599854
701,1,0.9024494290351868,0.9173227548599243
702,1,0.9024361371994019,1.008561372756958
703,1,0.9022011756896973,0.9089999794960022
704,1,0.901562511920929,1.1621618270874023
705,1,0.9013839364051819,0.9277516007423401
706,1,0.9013695120811462,0.9018564224243164
707,1,0.9012030959129333,0.9555265307426453
708,1,0.8982443809509277,0.9336589574813843
709,1,0.8980573415756226,0.93158358335495
710,1,0.8975226879119873,0.9275257587432861
711,1,0.8966220021247864,0.8997877240180969
712,1,0.8965957760810852,1.0342437028884888
713,1,0.8964747786521912,1.0347062349319458
714,1,0.8964558243751526,1.1537222862243652
715,1,0.8963950276374817,1.0422605276107788
716,1,0.8962142467498779,0.984461784362793
717,1,0.896153450012207,1.0496175289154053
718,1,0.8960747718811035,0.9273095726966858
719,1,0.8960714340209961,0.9770404100418091
720,1,0.8958253264427185,0.9769093990325928
721,1,0.8957784175872803,1.064787745475769
722,1,0.8956818580627441,0.9583970904350281
723,1,0.8955227732658386,0.9242180585861206
724,1,0.8955127000808716,0.9741031527519226
725,1,0.8952223062515259,0.9662303328514099
726,1,0.8952100276947021,0.9218758344650269
727,1,0.8951402306556702,0.9527748823165894
728,1,0.8951346278190613,0.9146704077720642
729,1,0.8951346278190613,0.9197211265563965
730,1,0.8951212167739868,0.9104707837104797
731,1,0.8951184153556824,0.9343082904815674
732,1,0.8951184153556824,0.9168380498886108
733,1,0.8950307369232178,1.0220919847488403
734,1,0.8950100541114807,0.9458001852035522
735,1,0.8946641683578491,1.0518479347229004
736,1,0.8941431641578674,0.9599677324295044
737,1,0.8940743803977966,1.1074068546295166
738,1,0.8935827016830444,0.959160566329956
739,1,0.8931931257247925,0.9862813949584961
740,1,0.8924723863601685,1.001558780670166
741,1,0.8915542364120483,0.9762812256813049
742,1,0.890857994556427,0.9120926260948181
743,1,0.8908563256263733,0.958224892616272
744,1,0.890653669834137,0.9394200444221497
745,1,0.8899050354957581,1.1619690656661987
746,1,0.8894824385643005,1.049233078956604
747,1,0.8886658549308777,0.9588878750801086
748,1,0.8880490064620972,1.1761033535003662
749,1,0.8863086104393005,1.1837060451507568
750,1,0.8862906098365784,1.1763384342193604
751,1,0.8862736821174622,1.162268877029419
752,1,0.8859926462173462,1.1849181652069092
753,1,0.8856810927391052,0.9048508405685425
754,1,0.885504961013794,1.1784162521362305
755,1,0.885504961013794,1.1767463684082031
756,1,0.8824641704559326,1.1823840141296387
757,1,0.8799676299095154,1.1804745197296143
758,1,0.8799085021018982,0.8974051475524902
759,1,0.8791626691818237,0.8975817561149597
760,1,0.8791472911834717,1.014143466949463
761,1,0.8790910243988037,1.0115680694580078
762,1,0.8790910243988037,1.0110831260681152
763,1,0.8789533376693726,0.8972430229187012
764,1,0.8787075877189636,0.8973878622055054
765,1,0.8779385089874268,1.021134614944458
766,1,0.8769059181213379,0.954049289226532
767,1,0.8767342567443848,1.0503523349761963
768,1,0.8765477538108826,0.9214998483657837
769,1,0.8759286403656006,1.0227218866348267
770,1,0.8758761286735535,0.9394200444221497
771,1,0.875851571559906,0.9514541625976562
772,1,0.8746308088302612,1.0261534452438354
773,1,0.8744049668312073,0.9522541761398315
774,1,0.874221920967102,0.9524148106575012
775,1,0.8742082118988037,0.9543306827545166
776,1,0.874155580997467,0.9536765813827515
777,1,0.8740955591201782,0.9576523303985596
778,1,0.8740348815917969,0.8957259654998779
779,1,0.872983992099762,0.935816764831543
780,1,0.8720734119415283,0.9854044914245605
781,1,0.871985673904419,1.2087435722351074
782,1,0.8718698024749756,0.9613646268844604
783,1,0.8698517084121704,0.8777852654457092
784,1,0.8691955804824829,0.8831319212913513
785,1,0.8689107894897461,1.1340388059616089
786,1,0.8688233494758606,1.0747110843658447
787,1,0.8680092096328735,0.9845547080039978
788,1,0.8652849197387695,0.881349503993988
789,1,0.8652849197387695,0.8831766247749329
790,1,0.8651549220085144,0.8878969550132751
791,1,0.8645721673965454,0.9529443979263306
792,1,0.8639762997627258,1.1263028383255005
793,1,0.8639751076698303,0.874866247177124
794,1,0.8633770942687988,0.9991451501846313
795,1,0.8630492687225342,0.8733910918235779
796,1,0.860940158367157,0.9488988518714905
797,1,0.8607723116874695,0.9519858360290527
798,1,0.8604893684387207,0.9576523303985596
799,1,0.8546847105026245,0.8988698720932007
800,1,0.8545998930931091,1.0311411619186401
801,1,0.8542739748954773,0.9659005999565125
802,1,0.8542206883430481,0.9574862718582153
803,1,0.8540011644363403,0.9543306827545166
804,1,0.85318523645401,0.9536765813827515
805,1,0.8528035879135132,0.8736160397529602
806,1,0.8527913093566895,0.9457911849021912
807,1,0.8524435758590698,0.9008262753486633
808,1,0.8523250818252563,0.8652121424674988
809,1,0.8522012829780579,0.8616623282432556
810,1,0.8516701459884644,0.947797954082489
811,1,0.8508213758468628,0.8670709133148193
812,1,0.8507978320121765,0.8644998669624329
813,1,0.8504834175109863,0.8864485025405884
814,1,0.8502717018127441,0.9041410088539124
815,1,0.8494056463241577,0.8610888719558716
816,1,0.8493291735649109,0.9744988679885864
817,1,0.8486306667327881,0.8683173656463623
818,1,0.8476201891899109,0.9772164821624756
819,1,0.847236692905426,0.9249172806739807
820,1,0.8471953868865967,0.9860562682151794
821,1,0.8471168875694275,0.9957238435745239
822,1,0.8471068143844604,0.8695067763328552
823,1,0.8470442891120911,0.8668667674064636
824,1,0.8470348119735718,0.8651057481765747
825,1,0.8470118045806885,0.864745020866394
826,1,0.8470112085342407,0.8671643733978271
827,1,0.8469958901405334,0.8644160032272339
828,1,0.8469958901405334,0.864557683467865
829,1,0.8469952940940857,0.8685746788978577
830,1,0.8469905257225037,0.8661368489265442
831,1,0.8469840884208679,0.864874005317688
832,1,0.8469203114509583,1.2696117162704468
833,1,0.8469150066375732,0.8814788460731506
834,1,0.8466315865516663,0.8622650504112244
835,1,0.8463716506958008,0.8589237332344055
836,1,0.845751166343689,1.0105340480804443
837,1,0.8435484766960144,0.8444287776947021
838,1,0.8429086804389954,0.9511971473693848
839,1,0.8421193361282349,0.882946789264679
840,1,0.8420534133911133,0.9186408519744873
841,1,0.8420053720474243,0.9025286436080933
842,1,0.8404409289360046,0.9221339225769043
843,1,0.8390810489654541,0.8990011215209961
844,1,0.8383692502975464,0.9514099955558777
845,1,0.8378609418869019,0.8909680247306824
846,1,0.8377875685691833,1.019789695739746
847,1,0.8373541831970215,0.8540802001953125
848,1,0.8324776291847229,0.8918581604957581
849,1,0.831861138343811,0.8460023403167725
850,1,0.8295722007751465,0.9516958594322205
851,1,0.8188149929046631,0.8417642116546631
852,1,0.8170807957649231,0.9674549102783203
853,1,0.8126973509788513,0.886873722076416
854,1,0.8118940591812134,0.8753136396408081
855,1,0.8012359142303467,0.9426378011703491
856,1,0.7995511293411255,0.8340827226638794
857,1,0.7984052896499634,0.8634448647499084
858,1,0.7916046977043152,0.974068284034729
859,1,0.7661827206611633,0.7880184054374695
860,1,0.7621915936470032,0.7822633981704712
861,1,0.7549363970756531,0.9503241777420044
862,1,0.7510772347450256,0.8604963421821594
863,1,0.7395126819610596,0.8033673167228699
864,1,0.7375730276107788,0.7895042896270752
865,1,0.7353346347808838,0.8998305201530457
866,1,0.7344120144844055,0.8695159554481506
867,1,0.7328280806541443,0.8789681196212769
868,1,0.7280343174934387,0.7776368260383606
869,1,0.7240282893180847,0.7442324757575989
870,1,0.7210187315940857,0.784928023815155
871,1,0.7197027206420898,0.7204061150550842
872,1,0.717619001865387,0.759482741355896
873,1,0.7132860422134399,0.7728835344314575
874,1,0.711409866809845,0.779556930065155
875,1,0.7102028131484985,0.7818286418914795
876,1,0.7101640701293945,0.7112390398979187
877,1,0.7081143856048584,0.7431662082672119
878,1,0.7015689611434937,0.7997674942016602
879,1,0.7011076807975769,0.721870481967926
880,1,0.6922087669372559,0.7265617847442627
881,1,0.6911345720291138,0.7247206568717957
882,1,0.6759090423583984,0.7376679182052612
883,1,0.669870138168335,0.7247206568717957
884,1,0.6682185530662537,0.701410710811615
885,1,0.664219856262207,0.681830644607544
886,1,0.6397522687911987,0.6660540699958801
887,1,0.6346424221992493,0.6724410653114319
888,1,0.633316695690155,0.6974281072616577
889,1,0.629575252532959,0.6973958611488342
890,1,0.6286605000495911,0.696463942527771
891,1,0.6283923983573914,0.6869949102401733
892,1,0.6275922060012817,0.6772370338439941
893,1,0.6143728494644165,0.6955393552780151
894,1,0.6105546951293945,0.6862689256668091
895,1,0.604465901851654,0.6400554776191711
896,1,0.602557897567749,0.6921921968460083
897,1,0.5996882319450378,0.6278463006019592
898,1,0.5968751907348633,0.6949100494384766
899,1,0.5923520922660828,0.698207676410675
900,1,0.5922254920005798,0.6967962384223938
901,1,0.5870178937911987,0.7046403288841248
902,1,0.5765900015830994,0.6290627717971802
903,1,0.5687872767448425,0.617935299873352
904,1,0.5637587904930115,0.6323092579841614
905,1,0.5580663084983826,0.559150218963623
906,1,0.5460997819900513,0.6093020439147949
907,1,0.5422019958496094,0.6094620823860168
908,1,0.5246884822845459,0.6029618382453918
909,1,0.522803008556366,0.5800215601921082
910,1,0.521882176399231,0.5804670453071594
911,1,0.5217010378837585,0.5810869336128235
912,1,0.5204766988754272,0.5848768949508667
913,1,0.5188140273094177,0.588908314704895
914,1,0.5175982713699341,0.5909314751625061
915,1,0.5171024799346924,0.5960494875907898
916,2,1.5063821077346802,1.5148251056671143
917,2,1.4784691333770752,1.486513376235962
918,2,1.4738082885742188,1.4841597080230713
919,2,1.4670484066009521,1.4809787273406982
920,2,1.4531892538070679,1.4589581489562988
921,2,1.4526537656784058,1.4540419578552246
922,2,1.452479600906372,1.456656813621521
923,2,1.4522485733032227,1.4557015895843506
924,2,1.4507311582565308,1.453575611114502
925,2,1.448839545249939,1.482299566268921
926,2,1.4470988512039185,1.4720611572265625
927,2,1.4418623447418213,1.4623464345932007
928,2,1.4412320852279663,1.451143741607666
929,2,1.4405120611190796,1.4416205883026123
930,2,1.4402103424072266,1.45033860206604
931,2,1.439159870147705,1.45033860206604
932,2,1.437422752380371,1.4408670663833618
933,2,1.4208455085754395,1.4278535842895508
934,2,1.4173153638839722,1.4225839376449585
935,2,1.4153649806976318,1.4156606197357178
936,2,1.4150985479354858,1.4303702116012573
937,2,1.4077677726745605,1.4163784980773926
938,2,1.4071272611618042,1.4206311702728271
939,2,1.4057300090789795,1.4163784980773926
940,2,1.4033317565917969,1.4056439399719238
941,2,1.3999571800231934,1.402809977531433
942,2,1.399890661239624,1.4054569005966187
943,2,1.3982492685317993,1.401606559753418
944,2,1.3972054719924927,1.4462206363677979
945,2,1.395540714263916,1.3957263231277466
946,2,1.3926582336425781,1.407688856124878
947,2,1.3921455144882202,1.3989356756210327
948,2,1.391764760017395,1.3954092264175415
949,2,1.3886878490447998,1.3932247161865234
950,2,1.3880187273025513,1.3957263231277466
951,2,1.3841217756271362,1.3951042890548706
952,2,1.3798123598098755,1.3893264532089233
953,2,1.3789539337158203,1.401606559753418
954,2,1.373156189918518,1.381813645362854
955,2,1.3684754371643066,1.3722864389419556
956,2,1.3683216571807861,1.369269847869873
957,2,1.368040919303894,1.3823281526565552
958,2,1.3676512241363525,1.3745766878128052
959,2,1.365132212638855,1.4158326387405396
960,2,1.3641836643218994,1.368276596069336
961,2,1.3622595071792603,1.3636590242385864
962,2,1.3575555086135864,1.3616504669189453
963,2,1.3549491167068481,1.3746449947357178
964,2,1.3549491167068481,1.3636590242385864
965,2,1.354370355606079,1.3630216121673584
966,2,1.3513944149017334,1.3687388896942139
967,2,1.3478723764419556,1.3593509197235107
968,2,1.3473937511444092,1.4069139957427979
969,2,1.3472787141799927,1.3642195463180542
970,2,1.3455047607421875,1.3673115968704224
971,2,1.345468282699585,1.3650274276733398
972,2,1.3442659378051758,1.349708080291748
973,2,1.3431016206741333,1.364927053451538
974,2,1.338404655456543,1.344207525253296
975,2,1.3375182151794434,1.3377727270126343
976,2,1.3358873128890991,1.3682057857513428
977,2,1.334797739982605,1.3398940563201904
978,2,1.3319504261016846,1.356493592262268
979,2,1.3302210569381714,1.3319932222366333
980,2,1.3283798694610596,1.3316688537597656
981,2,1.3278497457504272,1.3316688537597656
982,2,1.3262782096862793,1.3523623943328857
983,2,1.3251996040344238,1.3298534154891968
984,2,1.3222870826721191,1.4093348979949951
985,2,1.3217484951019287,1.3317142724990845
986,2,1.313998818397522,1.3220468759536743
987,2,1.3032140731811523,1.3205695152282715
988,2,1.3019739389419556,1.3050907850265503
989,2,1.3019739389419556,1.3496962785720825
990,2,1.3001034259796143,1.3026427030563354
991,2,1.2938345670700073,1.3078031539916992
992,2,1.2900620698928833,1.368899941444397
993,2,1.2897019386291504,1.3209269046783447
994,2,1.2892268896102905,1.4004167318344116
995,2,1.2879619598388672,1.2910139560699463
996,2,1.2869223356246948,1.3221906423568726
997,2,1.284261703491211,1.2873674631118774
998,2,1.2774673700332642,1.3186200857162476
999,2,1.2758076190948486,1.3616188764572144
1000,2,1.2745882272720337,1.2929095029830933
1001,2,1.2701365947723389,1.2715919017791748
1002,2,1.2670438289642334,1.2715919017791748
1003,2,1.2668839693069458,1.2717188596725464
1004,2,1.2665152549743652,1.3775368928909302
1005,2,1.2639679908752441,1.3052382469177246
1006,2,1.260782241821289,1.2765355110168457
1007,2,1.2597856521606445,1.2708572149276733
1008,2,1.2575849294662476,1.2797163724899292
1009,2,1.2506837844848633,1.3221232891082764
1010,2,1.2446630001068115,1.2567191123962402
1011,2,1.2396684885025024,1.257095456123352
1012,2,1.236912727355957,1.2480204105377197
1013,2,1.2367680072784424,1.29147207736969
1014,2,1.2346680164337158,1.2638113498687744
1015,2,1.2286309003829956,1.2452529668807983
1016,2,1.2282768487930298,1.2694447040557861
1017,2,1.2194162607192993,1.238264560699463
1018,2,1.2185815572738647,1.2290903329849243
1019,2,1.2110590934753418,1.2499940395355225
1020,2,1.2042051553726196,1.2629133462905884
1021,2,1.1890058517456055,1.2179458141326904
1022,2,1.1889322996139526,1.2184830904006958
1023,2,1.1884111166000366,1.2290903329849243
1024,2,1.1879899501800537,1.2089813947677612
1025,2,1.1874094009399414,1.2328568696975708
1026,2,1.186909794807434,1.2629133462905884
1027,2,1.1856837272644043,1.2432892322540283
1028,2,1.1811184883117676,1.1832176446914673
1029,2,1.175790786743164,1.2272453308105469
1030,2,1.1740813255310059,1.232183814048767
1031,2,1.1735399961471558,1.185011863708496
1032,2,1.1714439392089844,1.2224491834640503
1033,2,1.1668980121612549,1.1736719608306885
1034,2,1.163467288017273,1.1646733283996582
1035,2,1.1612350940704346,1.1662696599960327
1036,2,1.1432182788848877,1.1557992696762085
1037,2,1.1430778503417969,1.1563148498535156
1038,2,1.1402596235275269,1.1597206592559814
1039,2,1.1397490501403809,1.1586509943008423
1040,2,1.1190308332443237,1.128393530845642
1041,2,1.1048095226287842,1.1247501373291016
1042,2,1.0833706855773926,1.0860157012939453
1043,2,1.0804814100265503,1.0896310806274414
1044,2,1.0604225397109985,1.1280080080032349
1045,2,1.0527706146240234,1.1068974733352661
1046,2,1.0527706146240234,1.093478798866272
1047,2,1.0494165420532227,1.1524925231933594
1048,2,1.0381137132644653,1.1432174444198608
1049,2,1.033509612083435,1.0543087720870972
1050,2,1.027754306793213,1.0304372310638428
1051,2,0.9979684352874756,1.083284854888916
1052,2,0.9806324243545532,1.0174094438552856
1053,2,0.974448561668396,0.9916395545005798
1054,2,0.9731202125549316,0.9744116067886353
1055,2,0.9692435264587402,0.9906573295593262
1056,2,0.9629216194152832,0.9744116067886353
1057,2,0.9483564496040344,0.9780260920524597
1058,2,0.9471478462219238,0.9616886377334595
1059,2,0.9366648197174072,0.9798234701156616
1060,2,0.9338833093643188,0.99590665102005
1061,2,0.9175854325294495,0.9275640249252319
1062,2,0.915703535079956,0.9878709316253662
1063,2,0.8910095691680908,0.9223876595497131
1064,2,0.8829914927482605,0.88310307264328
1065,2,0.8824024200439453,0.9751943349838257
1066,2,0.8805191516876221,0.8929417729377747
1067,2,0.8786683082580566,0.8866289854049683
1068,2,0.8785766959190369,0.8880585432052612
1069,2,0.8765512108802795,0.8892401456832886
1070,2,0.8763543963432312,0.8899612426757812
1071,2,0.8756352066993713,0.8920403718948364
1072,2,0.8729278445243835,0.8749942779541016
1073,2,0.743526041507721,0.7741401791572571
1074,2,0.7331998348236084,0.763725757598877
1075,2,0.7277382612228394,0.733370304107666
